%YAML:1.0
---
cameraMatrix: !!opencv-matrix
   rows: 3
   cols: 3
   dt: d
   data: [ 3.6477763632120315e+02, 0., 2.5369410238929609e+02, 0.,
       3.6450332293368814e+02, 2.0585569947279615e+02, 0., 0., 1. ]
distortionCoefficients: !!opencv-matrix
   rows: 1
   cols: 5
   dt: d
   data: [ 1.0002002596679418e-01, -2.8388910972369613e-01,
       -8.1429619748609882e-04, -5.8171905382057600e-04,
       1.0558857163816351e-01 ]
rotation: !!opencv-matrix
   rows: 3
   cols: 3
   dt: d
   data: [ 1., 0., 0., 0., 1., 0., 0., 0., 1. ]
projection: !!opencv-matrix
   rows: 4
   cols: 4
   dt: d
   data: [ 3.6477763632120315e+02, 0., 2.5369410238929609e+02, 0., 0.,
       3.6450332293368814e+02, 2.0585569947279615e+02, 0., 0., 0., 1.,
       0., 0., 0., 0., 1. ]
