%YAML:1.0
---
rotation: !!opencv-matrix
   rows: 3
   cols: 3
   dt: d
   data: [ 9.9981939311099532e-01, -8.5563702798647397e-03,
       1.6969669613597305e-02, 8.4870455638323648e-03,
       9.9995536019521869e-01, 4.1530319584465510e-03,
       -1.7004446970079141e-02, -4.0082595330507773e-03,
       9.9984737967289661e-01 ]
translation: !!opencv-matrix
   rows: 3
   cols: 1
   dt: d
   data: [ -5.3171168900418418e-02, -1.2519133147891891e-04,
       1.6691425171996895e-02 ]
essential: !!opencv-matrix
   rows: 3
   cols: 3
   dt: d
   data: [ -1.3953207660278926e-04, -1.6690178270687840e-02,
       -1.9449224690828044e-04, 1.5784264263719240e-02,
       -3.5594185889881559e-04, 5.3446301869777238e-02,
       -3.2609741207806743e-04, -5.3169866533206669e-02,
       -2.1869710817771343e-04 ]
fundamental: !!opencv-matrix
   rows: 3
   cols: 3
   dt: d
   data: [ 6.4981993731594309e-07, 7.7786935570266227e-05,
       -1.5847332340109082e-02, -7.3890918210413518e-05,
       1.6675255511915711e-06, -7.2864329375288930e-02,
       4.1437622953911180e-02, 1.8715908859648059e-01, 1. ]
