%YAML:1.0
---
depthShift: -1.0652020843646511e+01
