%YAML:1.0
---
cameraMatrix: !!opencv-matrix
   rows: 3
   cols: 3
   dt: d
   data: [ 1.0625343923238847e+03, 0., 9.6712979935403041e+02, 0.,
       1.0570493182940720e+03, 5.4746150449855338e+02, 0., 0., 1. ]
distortionCoefficients: !!opencv-matrix
   rows: 1
   cols: 5
   dt: d
   data: [ 8.2106217472252316e-02, -1.5899901087168336e-01,
       2.3866202629060256e-04, -4.6860704202587684e-03,
       8.4350850414850756e-02 ]
rotation: !!opencv-matrix
   rows: 3
   cols: 3
   dt: d
   data: [ 1., 0., 0., 0., 1., 0., 0., 0., 1. ]
projection: !!opencv-matrix
   rows: 4
   cols: 4
   dt: d
   data: [ 1.0625343923238847e+03, 0., 9.6712979935403041e+02, 0., 0.,
       1.0570493182940720e+03, 5.4746150449855338e+02, 0., 0., 0., 1.,
       0., 0., 0., 0., 1. ]
